start=3416.312900
volume=60.000000
sub-visibility=no
