start=4814.376233
volume=90.000000
