start=904.670433
volume=50.000000
